b + 1


r <- 9